퍼펙트 라인 : 500px일 때


Perfect+ : 465 ~ 525 += 20
EPerfect : 445 ~ 465
LPerfect : 525 ~ 545  += 
Early! : 415 ~ 445  
Late! : 545 ~ 575

Miss : 그 외

[235,64,43,24,20,45,41,41,20,20,40,41,44,43,19,40,41,44,19,42,41,42,21,21,45,38,42,21,20,43,42,39,43,21,40,42,42,23,39,42,42,21,21,42,40,43,22,21,40,42,44,41,22,19,41,40,21,22,41,41,42,23,19,40,46,40,23,22,20,20,18,10,11,11,11,11,11,12,12,20,22,21,20,21,21,41,21,38,42,38,22,22,20,21,42,43,21,22,21,20,43,42,43,22,54,43,22,23,40,41,41,22,21,42,44,41,23,21,41,38,41,43,18,43,45,43,37,43,21,20,21,23,57,24,62,23,43,40,42,41,59,23,62,23,41,39,22,22,20,20,42,21,11,11,38,21,21,43,24,40,41,22,42,23,39,37,24,40,42,22,21,22,22,62,23,57,24,41,42,43,40,65,21,63,21,42,39,23,19,20,20,40,21,12,10,43,21,24,41,21,41,21,21,20,43,22,9,13,35,22,9,12,41,20,66,44,21,42,42,20,22,20,11,9,21,21,9,12,23,22,20,9,13,19,38,11,11,11,11,10,11,10,12,10,10,41,21,42,22,21,7,13,37,44,40,38,12,10,22,22,8,12,23,20,10,10,13,10,12,10,11,11,9,11,10,10,10,11,10,11,9,12,10,10,64,57,38,17,43,41,24,18,20,12,9,24,22,40,42,62,27,9,11,13,8,13,8,13,9,10,10,19,8,13,21,8,11,18,8,13,20,23,10,12,10,12,10,12,9,11,11,10,10,12,8,12,9,11,18,9,11,22,8,12,24,10,10,24,9,9,23,20,20,19,11,9,11,7,21,18,64,60,43,65,59,40,68,63,44,41,21,20,41,39,64,42,22,45,20,20,21,40,21,22,20,41,23,40,38,41,43,12,9,21,21,21,20,44,21,41,22,43,63,60,43,64,59,44,41,22,20,41,40,39,21,62,45,21,21,20,38,22,40,41,23,42,39,42,40,12,8,42,45,45,44,42,41,59,62,38,65,60,44,41,45,21,22,22,21,43,40,22,20,42,20,21,21,38,23,42,40,45,40,48,57,22,11,11,20,38,44,40,43,41,62,64,39,65,58,38,45,45,22,21,21,21,41,43,21,22,38,19,22,22,44,22,39,60,23,60,22,41,40,22,20,21,21,12,10,12,9,11,10,11,10,8,12,8,13,8,13,10,11,11,12,10,11,11,10,11,11,10,13,9,12,10,11,10,11,10,13,9,12,10,11,10,11,8,14,10,10,12,9,11,10,11,10,11,9,10,10,11,11,9,10,10,11,10,10,10,11,10,11,9,11,9,11,8,14,8,13,7,13,8,13,8,12,18,8,5,7,20,6,6,10,20,19,8,15,5,12,22,21,19,26,10,13,7,11,22,22,10,11,10,12,8,11,9,12,4,8,10,10,12,8,13,8,13,9,12,9,10,9,11,9,11,10,9,12,8,11,10,11,10,10,13,9,10,10,12,9,11,9,11,10,11,11,9,11,10,10,12,8,13,8,13,10,13,9,13,10,11,9,11,9,10,10,11,8,11,11,8,11,8,12,9,10,10,11,10,10,9,11,12,9,12,8,10,10,12,9,12,9,13,7,14,8,12,21,8,8,4,21,8,8,6,22,21,10,12,10,12,59,23,63,23,45,41,26,6,15,13,7]
>> 새로R

[350, 10, 50, 40, 40, 20, 20, 40, 40, 40, 20, 20, 40, 40, 30, 40, 20, 40, 50, 40, 20, 40, 40, 40, 20, 20, 40, 40, 40, 20, 20, 40, 40, 40, 40, 20, 40, 40, 40, 40, 40, 40, 40, 20, 40, 60, 40, 20, 40, 40, 40, 40, 20, 20, 40, 20, 40, 30, 30, 60, 40, 20, 40, 60, 40, 20, 20, 20, 20, 10, 10, 10, 10, 10, 10, 10, 20, 20, 20, 20, 20, 20, 20, 40, 20, 20, 20, 40, 40, 20, 20, 20, 20, 40, 40, 20, 20, 20, 20, 40, 40, 40, 20, 60, 40, 20, 20, 20, 20, 30, 50, 20, 20, 20, 20, 40, 40, 20, 20, 20, 20, 40, 40, 40, 20, 40, 20, 20, 20, 20, 40, 40, 20, 20, 20, 20, 60, 20, 60, 20, 40, 40, 40, 40, 60, 30, 50, 20, 40, 50, 20, 20, 20, 20, 40, 10, 10, 20, 40, 40, 40, 20, 40, 40, 20, 40, 10, 40, 40, 20, 40, 40, 20, 20, 20, 30, 60, 20, 60, 20, 40, 40, 40, 40, 60, 20, 60, 20, 40, 40, 20, 20, 20, 20, 40, 20, 10, 10, 40, 40, 20, 20, 20, 40, 20, 20, 20, 40, 20, 10, 10, 40, 20, 10, 10, 40, 20, 60, 40, 20, 40, 40, 20, 20, 30, 10, 20, 20, 10, 10, 20, 30, 10, 10, 10, 20, 40, 10, 10, 10, 10, 10, 10, 10, 10, 10, 10, 40, 60, 20, 20, 10, 10, 40, 40, 40, 40, 10, 10, 20, 30, 10, 30, 20, 20, 20, 10, 10, 10, 10, 10, 10, 10, 10, 10, 10, 10, 10, 10, 10, 10, 10, 60, 50, 50, 20, 30, 40, 30, 40, 10, 30, 20, 40, 40, 60, 20, 10, 10, 10, 10, 10, 10, 10, 10, 10, 10, 20, 10, 10, 20, 10, 10, 20, 10, 10, 20, 20, 10, 10, 10, 10, 10, 10, 10, 10, 10, 10, 10, 10, 10, 10, 10, 10, 20, 10, 10, 20, 10, 30, 10, 30, 10, 20, 20, 20, 20, 10, 10, 10, 10, 20, 20, 60, 70, 50, 60, 60, 40, 60, 50, 50, 30, 30, 10, 40, 40, 60, 40, 20, 40, 20, 20, 20, 40, 20, 40, 40, 30, 40, 30, 60, 20, 10, 10, 40, 40, 60, 60, 40, 70, 60, 40, 60, 60, 40, 40, 20, 20, 40, 40, 40, 20, 60, 40, 20, 20, 10, 50, 20, 40, 40, 20, 40, 40, 40, 40, 10, 20, 30, 40, 40, 40, 40, 40, 60, 60, 40, 60, 60, 40, 40, 40, 20, 30, 20, 20, 40, 40, 20, 20, 40, 20, 20, 20, 40, 20, 40, 40, 40, 40, 40, 50, 20, 10, 10, 30, 40, 40, 40, 40, 40, 60, 60, 40, 60, 60, 40, 40, 40, 40, 40, 40, 40, 20, 20, 40, 20, 20, 20, 40, 20, 40, 60, 20, 60, 20, 40, 40, 20, 20, 20, 20, 10, 10, 10, 10, 10, 10, 10, 10, 10, 10, 10, 10, 10, 10, 10, 10, 10, 10, 10, 10, 10, 20, 10, 10, 20, 20, 10, 10, 20, 20, 20, 20, 10, 10, 10, 10, 10, 10, 20, 10, 10, 10, 10, 10, 10, 10, 10, 10, 10, 10, 10, 10, 10, 10, 10, 10, 10, 10, 10, 10, 10, 10, 10, 10, 10, 10, 10, 10, 10, 10, 10, 30, 10, 10, 20, 10, 10, 20, 20, 20, 10, 10, 20, 20, 20, 30, 10, 10, 10, 30, 20, 10, 10, 10, 10, 10, 10, 20, 10, 10, 10, 10, 10, 10, 10, 10, 10, 10, 10, 10, 10, 10, 10, 10, 10, 10, 10, 10, 10, 10, 10, 10, 10, 10, 10, 10, 10, 10, 10, 10, 10, 10, 10, 10, 10, 10, 10, 10, 10, 10, 20, 20, 10, 10, 10, 10, 10, 10, 10, 10, 10, 10, 10, 10, 10, 10, 10, 10, 10, 10, 10, 10, 10, 10, 10, 10, 10, 10, 10, 10, 10, 10, 10, 10, 10, 10, 10, 10, 10, 10, 10, 10, 10, 10, 10, 20, 10, 30, 10, 20, 20, 10, 10, 10, 10, 60, 20, 60, 20, 40, 40, 20, 10, 10, 20, 10, 10],
>> 원본R
[60, 300, 300, 300, 60, 60, 300, 300, 300, 60, 60, 300, 300, 300, 300, 60, 300, 300, 300, 60, 300, 300, 300, 60, 60, 300, 300, 300, 60, 60, 300, 300, 300, 300, 60, 300, 300, 300, 300, 300, 300, 300, 60, 300, 180, 300, 60, 300, 300, 300, 300, 60, 60, 300, 60, 300, 60, 300, 180, 300, 60, 300, 180, 300, 60, 60, 60, 60, 120, 120, 120, 120, 120, 120, 120, 120, 60, 60, 60, 60, 60, 60, 300, 60, 60, 60, 300, 300, 60, 60, 60, 60, 300, 300, 60, 60, 60, 60, 300, 300, 300, 60, 180, 300, 60, 60, 60, 60, 300, 300, 60, 60, 60, 60, 300, 300, 60, 60, 60, 60, 300, 300, 300, 60, 300, 60, 60, 60, 60, 300, 300, 60, 60, 60, 60, 180, 60, 180, 60, 300, 300, 300, 300, 180, 60, 180, 60, 300, 300, 60, 60, 60, 60, 300, 60, 120, 120, 300, 300, 300, 60, 300, 300, 60, 300, 60, 300, 300, 60, 300, 300, 60, 60, 60, 60, 180, 60, 180, 60, 300, 300, 300, 300, 180, 60, 180, 60, 300, 300, 60, 60, 60, 60, 300, 60, 120, 120, 300, 300, 60, 60, 60, 300, 60, 300, 300, 60, 120, 120, 300, 60, 120, 120, 300, 60, 180, 300, 60, 300, 300, 300, 60, 120, 120, 60, 60, 120, 879, -579, 60, 60, 60, 120, 120, 60, 300, 120, 120, 240, 240, 120, 120, 240, 240, 120, 120, 300, 180, 60, 60, 120, 120, 300, 300, 300, 60, 240, 240, 300, 300, 120, 120, 60, 60, 240, 240, 300, 120, 120, 240, 240, 120, 120, 240, 240, 240, 240, 240, 240, 120, 120, 120, 120, 180, 180, 300, 60, 300, 300, 60, 300, 120, 120, 60, 60, 300, 300, 180, 60, 120, 120, 240, 240, 120, 120, 240, 240, 120, 120, 60, 240, 240, 300, 120, 120, 60, 240, 240, 60, 60, 120, 120, 120, 120, 120, 120, 120, 120, 120, 120, 120, 120, 120, 120, 120, 120, 60, 120, 120, 300, 240, 240, 60, 120, 120, 300, 240, 240, 60, 60, 60, 60, 120, 120, 120, 120, 60, 60, 180, 180, 300, 180, 180, 60, 180, 180, 300, 300, 60, 60, 300, 300, 180, 300, 60, 300, 60, 60, 60, 300, 60, 300, 300, 60, 300, 300, 180, 60, 120, 120, 300, 300, 180, 180, 300, 180, 180, 60, 180, 180, 300, 300, 60, 60, 300, 300, 300, 60, 180, 300, 60, 60, 60, 300, 60, 300, 300, 60, 300, 300, 300, 300, 60, 60, 60, 300, 300, 300, 300, 300, 180, 180, 300, 180, 180, 300, 300, 300, 60, 60, 60, 60, 300, 300, 60, 819, -579, 300, 60, 60, 60, 300, 60, 300, 300, 300, 300, 300, 180, 60, 120, 120, 60, 300, 300, 300, 300, 300, 180, 180, 300, 180, 180, 300, 300, 300, 300, 300, 300, 300, 60, 939, -339, 300, 60, 60, 60, 300, 60, 300, 180, 60, 180, 60, 300, 300, 60, 60, 60, 60, 120, 120, 120, 120, 120, 120, 120, 120, 120, 120, 120, 120, 120, 120, 120, 120, 120, 120, 120, 120, 120, 120, 120, 120, 120, 120, 120, 120, 120, 120, 120, 120, 120, 120, 120, 120, 120, 120, 120, 120, 120, 120, 120, 120, 120, 120, 120, 120, 120, 120, 120, 120, 120, 120, 120, 120, 120, 120, 120, 120, 120, 120, 120, 120, 120, 120, 120, 120, 120, 120, 120, 120, 120, 120, 240, 240, 120, 120, 240, 240, 60, 140, 140, 140, 60, 140, 140, 140, 60, 60, 120, 120, 240, 240, 300, 300, 300, 300, 240, 240, 240, 240, 300, 300, 240, 240, 120, 120, 240, 240, 150, 210, 150, 210, 120, 120, 240, 240, 120, 120, 240, 120, 240, 120, 120, 240, 240, 120, 120, 240, 120, 120, 240, 240, 120, 120, 240, 240, 240, 120, 120, 240, 240, 120, 120, 240, 120, 120, 240, 240, 120, 120, 240, 240, 240, 120, 120, 240, 240, 120, 120, 240, 120, 120, 240, 240, 120, 120, 240, 240, 240, 120, 120, 240, 240, 120, 120, 240, 120, 120, 240, 240, 120, 120, 240, 240, 240, 240, 240, 240, 120, 120, 120, 120, 120, 120, 240, 240, 120, 120, 240, 240, 60, 140, 140, 140, 60, 140, 140, 140, 60, 60, 120, 120, 240, 240, 180, 300, 180, 300, 60, 60, 60, 120, 120, 60, 120, 120]
>>> 새로새로r


currentbeat가 1이면
카운트가 점점 내려가다가 0일때, 

노트가 생성됨.

1/120s 마다 5px씩 이동하므로, 100/120s, 즉 5/6초 전에 노트가 나가야 함.
그리고 남는 것은 오프셋으로 보정하기


70,37,38,32,24,18,37,42,44,23,22,44,41,41,44,21,38,40,44,22,41,39,41,22,20,42,41,41,22,22,41,40,43,43,23,20,22,21,20,20,22,21,41,42,39,23,22,40,40,38,25,20,42,38,45,42,21,23,40,39,22,21,42,40,44,22,21,40,41,41,21,22,21,22,21,10,12,10,11,11,10,12,11,21,20,21,21,19,21,42,21,41,41,42,23,20,40,41,44,21,20,40,40,44,42,21,20,42,38,23,22,42,42,41,22,20,44,39,43,22,21,39,40,41,41,21,21,21,22,21,21,21,42,44,19,22,22,20,61,22,59,22,43,42,40,44,61,24,60,21,40,43,20,23,20,20,42,21,11,11,36,21,22,46,22,42,39,22,42,23,40,37,22,39,45,21,22,21,23,57,23,62,22,42,40,41,42,66,22,59,22,39,40,21,21,22,21,44,22,10,10,39,21,23,44,20,40,19,21,21,41,21,13,7,39,23,16,4,46,22,61,44,20,44,44,19,19,17,10,11,21,23,7,12,25,18,21,8,12,22,42,11,10,11,10,11,10,10,10,11,9,39,23,41,21,21,12,9,42,43,40,41,8,12,22,22,8,13,20,21,8,13,10,11,10,10,12,8,12,11,9,12,10,11,10,11,9,11,9,11,63,59,44,22,43,41,21,22,19,12,8,23,19,43,41,56,25,14,9,13,9,10,11,9,12,8,11,19,10,11,23,9,12,22,9,11,20,21,10,11,10,11,10,11,9,13,9,11,9,11,10,11,8,11,22,8,13,23,9,12,21,10,10,22,9,12,22,19,21,18,10,10,9,9,20,22,65,57,46,66,58,42,66,57,43,43,20,22,43,41,60,41,22,42,20,20,21,45,20,22,20,44,20,41,41,44,39,11,9,22,20,21,20,63,62,44,63,58,42,61,65,45,40,21,22,41,42,40,22,42,20,39,21,21,20,40,21,22,22,41,23,43,38,44,42,11,10,24,19,19,22,43,42,41,40,66,60,41,67,53,45,43,44,20,20,20,23,40,44,21,20,42,20,21,19,47,19,42,40,41,43,44,54,23,11,10,22,39,45,42,38,43,61,65,42,64,59,44,42,44,21,21,18,20,41,40,21,24,44,20,21,20,41,21,40,63,23,58,23,38,46,21,20,21,21,12,9,11,11,9,12,8,12,8,11,9,11,9,11,10,12,10,12,9,12,9,12,8,13,10,13,8,13,9,13,8,13,7,14,8,13,8,13,8,13,9,12,10,10,9,11,9,11,10,10,10,10,10,11,9,12,9,10,9,10,10,11,9,10,10,13,8,13,8,14,9,11,9,11,9,11,10,11,11,9,20,7,7,6,23,7,7,8,24,20,10,12,9,11,24,19,20,24,10,10,10,8,24,18,8,13,9,11,10,11,11,11,4,6,3,10,9,12,9,13,7,12,8,12,8,12,8,12,8,12,8,12,10,9,11,11,10,10,10,13,10,11,11,11,10,11,11,11,10,11,10,11,10,9,10,12,9,12,9,11,10,10,12,10,10,12,9,11,9,12,10,11,11,10,11,10,10,12,8,13,10,11,10,11,10,11,9,12,9,11,8,12,9,12,8,11,10,10,10,11,9,11,17,4,4,7,7,22,2,7,7,7,22,20,12,10,8,12,61,20,61,25,44,42,19,9,12,22,5,14
[579, 21, 36, 38, 39, 21, 19, 39, 41, 39, 20, 19, 39, 38, 40, 41, 19, 40, 39, 41, 21, 39, 36, 40, 20, 19, 39, 35, 45, 21, 19, 38, 39, 41, 40, 20, 39, 38, 41, 38, 41, 39, 39, 19, 38, 61, 42, 20, 37, 39, 40, 39, 20, 19, 36, 22, 39, 20, 39, 60, 44, 19, 38, 58, 42, 18, 19, 19, 19, 12, 9, 9, 10, 8, 10, 7, 11, 19, 19, 19, 19, 19, 22, 40, 20, 21, 19, 37, 41, 20, 19, 20, 19, 39, 39, 20, 19, 19, 19, 40, 41, 39, 20, 55, 44, 19, 19, 19, 19, 39, 39, 20, 20, 19, 19, 40, 39, 21, 19, 19, 20, 41, 40, 39, 19, 36, 19, 20, 21, 22, 39, 41, 18, 20, 21, 18, 57, 22, 56, 22, 41, 41, 37, 39, 61, 23, 51, 22, 42, 40, 19, 19, 20, 20, 39, 19, 11, 9, 39, 39, 39, 20, 39, 38, 21, 39, 21, 39, 39, 21, 38, 40, 19, 21, 20, 19, 59, 21, 57, 20, 38, 39, 39, 40, 62, 22, 56, 23, 36, 39, 19, 19, 20, 19, 38, 21, 11, 10, 39, 39, 20, 20, 19, 39, 19, 37, 41, 22, 9, 9, 38, 23, 6, 12, 39, 21, 56, 39, 21, 38, 43, 34, 23, 9, 10, 21, 20, 9, 9, 20, 17, 17, 9, 12, 21, 41, 10, 9, 9, 10, 9, 10, 8, 10, 9, 10, 37, 59, 19, 19, 9, 9, 42, 38, 38, 36, 9, 10, 22, 21, 7, 10, 19, 18, 9, 10, 22, 10, 10, 9, 10, 9, 10, 10, 9, 9, 9, 9, 9, 9, 9, 9, 10, 62, 58, 37, 21, 38, 46, 19, 35, 9, 9, 22, 20, 38, 36, 66, 20, 10, 7, 11, 7, 10, 9, 9, 9, 9, 7, 24, 7, 11, 19, 8, 11, 18, 8, 12, 18, 22, 9, 9, 9, 9, 9, 11, 7, 11, 8, 10, 9, 10, 9, 9, 9, 9, 20, 9, 13, 21, 9, 10, 21, 8, 10, 19, 8, 12, 22, 17, 16, 20, 9, 10, 9, 12, 19, 17, 58, 59, 40, 63, 56, 40, 62, 57, 39, 39, 20, 20, 39, 42, 59, 38, 21, 39, 19, 20, 19, 40, 19, 39, 39, 21, 42, 35, 60, 21, 7, 10, 40, 39, 59, 58, 42, 59, 59, 38, 63, 57, 40, 38, 19, 22, 42, 37, 37, 24, 60, 36, 20, 19, 22, 40, 19, 39, 41, 21, 38, 39, 39, 39, 17, 22, 19, 39, 40, 40, 37, 40, 61, 55, 42, 59, 59, 42, 37, 43, 19, 20, 20, 18, 38, 43, 21, 19, 38, 19, 21, 20, 37, 20, 39, 39, 38, 39, 42, 61, 19, 9, 9, 22, 36, 38, 41, 43, 39, 59, 57, 40, 59, 58, 42, 39, 43, 38, 38, 37, 43, 16, 18, 41, 21, 20, 17, 42, 22, 36, 60, 20, 57, 22, 37, 40, 20, 20, 18, 19, 9, 10, 9, 10, 9, 9, 8, 11, 8, 11, 8, 12, 8, 12, 7, 12, 7, 13, 7, 11, 8, 13, 7, 13, 8, 12, 7, 12, 8, 11, 8, 11, 8, 12, 7, 11, 8, 10, 8, 11, 9, 10, 9, 9, 10, 9, 9, 9, 9, 9, 9, 9, 9, 11, 9, 10, 9, 10, 9, 9, 9, 9, 9, 10, 9, 9, 9, 9, 9, 9, 9, 9, 9, 10, 9, 11, 10, 9, 9, 9, 17, 7, 7, 6, 23, 6, 6, 7, 18, 19, 6, 13, 8, 11, 23, 19, 22, 18, 10, 9, 9, 11, 19, 19, 7, 12, 9, 9, 8, 10, 4, 3, 2, 10, 8, 11, 9, 12, 9, 10, 9, 9, 10, 9, 9, 10, 8, 11, 7, 10, 8, 12, 7, 11, 8, 11, 7, 13, 7, 12, 8, 11, 8, 10, 9, 12, 9, 11, 8, 12, 8, 12, 8, 12, 8, 11, 8, 11, 8, 11, 8, 10, 8, 12, 8, 11, 7, 12, 7, 12, 7, 11, 9, 9, 10, 8, 11, 9, 8, 11, 9, 8, 10, 8, 12, 7, 11, 9, 10, 9, 9, 9, 10, 8, 11, 8, 9, 9, 9, 10, 9, 9, 22, 5, 7, 8, 21, 4, 8, 7, 19, 16, 9, 11, 9, 9, 59, 22, 55, 22, 42, 39, 19, 10, 7, 22, 7, 11]


클릭한 좌표: (15.5, 507)
클릭한 좌표: (107.5, 590)


firebase 코드
try {
// Add document
await setDoc(doc(collection(db, "Code"), "123"), {
            
    Code : 1,

});
    
            
} catch (e) {
    alert("에러! 개발자에게 문의하세요.")
    console.error("Error adding document: ", e);
}